,Transportation_Expense,Distance_to_Work,Age,Daily_Work_Load_Average,Body_Mass_Index,Education,Children,Pets,Sickness,Pregnancy,Injury,Doctors_Appt,Weekday,Month,Probability,Prediction
0,179,26,30,237.65599999999998,19,1,0,0,0,0,0,1,5,1,0.07937165720562778,0
1,361,52,28,237.65599999999998,27,0,1,4,1,0,0,0,4,4,0.8877460879813184,1
2,155,12,34,237.65599999999998,25,0,2,0,0,0,0,1,2,6,0.3048584362966896,0
3,179,22,40,237.65599999999998,22,1,2,0,0,0,0,1,0,8,0.22773998212099983,0
4,155,12,34,237.65599999999998,25,0,2,0,1,0,0,0,0,8,0.8388664364601416,1
5,225,26,28,237.65599999999998,24,0,1,2,1,0,0,0,1,11,0.8000501988216697,1
6,118,15,46,275.089,25,0,2,0,1,0,0,0,2,6,0.6698046239166359,1
7,179,26,30,275.089,19,1,0,0,0,0,0,1,2,6,0.09536135145166047,0
8,118,10,37,275.089,28,0,0,0,0,0,0,1,4,6,0.11093470557317703,0
9,118,10,37,275.089,28,0,0,0,1,0,0,0,2,6,0.5913798559057026,1
10,378,49,36,275.089,21,0,2,4,0,0,0,1,3,6,0.4439060107197349,0
11,118,13,50,275.089,31,0,1,0,0,0,1,0,3,6,0.815725718788277,1
12,233,51,31,275.089,21,1,1,8,0,0,1,0,4,6,0.3864187920525419,0
13,179,26,30,275.089,19,1,0,0,0,0,0,1,4,6,0.08497262798774738,0
14,235,29,48,275.089,33,0,1,5,0,0,0,0,0,6,0.324067178127377,0
15,268,11,33,275.089,25,1,0,0,0,0,0,0,3,6,0.5063431608286499,1
16,118,13,50,275.089,31,0,1,0,0,0,1,0,3,6,0.815725718788277,1
17,179,26,30,275.089,19,1,0,0,1,0,0,0,3,6,0.502723812573221,1
18,291,31,40,275.089,25,0,1,1,0,0,0,1,3,6,0.3949790636692668,0
19,179,26,30,275.089,19,1,0,0,1,0,0,0,2,2,0.5069764976774074,1
20,118,10,37,275.089,28,0,0,0,0,0,0,1,2,2,0.11911526459402834,0
21,233,51,31,275.089,21,1,1,8,0,0,0,1,0,5,0.030830248343985553,0
22,118,10,37,275.089,28,0,0,0,1,0,0,0,3,6,0.5759797443087461,1
23,118,10,37,275.089,28,0,0,0,1,0,0,0,2,11,0.6053084597279283,1
24,233,51,31,275.089,21,1,1,8,0,0,0,1,2,11,0.02916597318034202,0
25,235,20,43,264.60400000000004,38,0,1,0,0,0,0,1,2,11,0.5822617750395251,1
26,233,51,31,264.60400000000004,21,1,1,8,0,0,1,0,4,7,0.39230837277184166,0
27,228,14,58,264.60400000000004,22,0,2,1,1,0,0,0,0,7,0.785703945246609,1
28,118,10,37,264.60400000000004,28,0,0,0,0,0,0,1,0,7,0.1414945073082152,0
29,228,14,58,264.60400000000004,22,0,2,1,1,0,0,0,1,7,0.7748391235986406,1
30,189,29,33,264.60400000000004,25,0,2,2,0,0,0,1,1,7,0.2521905379391051,0
31,118,10,37,264.60400000000004,28,0,0,0,0,0,0,1,2,7,0.126784367985224,0
32,361,52,28,264.60400000000004,27,0,1,4,0,0,0,1,2,7,0.4679066797328873,0
33,225,26,28,264.60400000000004,24,0,1,2,0,0,0,1,2,7,0.2532877608783625,0
34,369,17,31,264.60400000000004,25,0,3,0,1,0,0,0,0,7,0.9884457530608145,1
35,289,36,33,264.60400000000004,30,0,2,1,1,0,0,0,1,7,0.949755311028751,1
36,235,11,37,264.60400000000004,29,1,1,1,1,0,0,0,1,7,0.8340848529779692,1
37,118,14,40,271.219,34,0,1,8,0,0,0,0,1,7,0.07452543250148545,0
38,231,35,39,271.219,35,0,2,2,0,0,0,0,2,7,0.6638761720834229,1
39,179,45,53,271.219,25,0,1,1,0,0,0,0,4,7,0.20744949773653892,0
